
Regression results
                        	    MSE	       	  Corr	      	   AvMSE	        	  VarMSE	        	 DEOMSE	       	 AEEMSE	       	 Valid	      	 Region	       	       Size	              	    NoIrr	         	   Time	       
Dataset                 	     M1	     M2	    M1	    M2	      M1	      M2	      M1	      M2	     M1	     M2	     M1	     M2	    M1	    M2	     M1	     M2	         M1	            M2	       M1	       M2	     M1	     M2

regression/abalone.txt  	 4.7064	 4.6397	0.7409	0.7457	  9.8599	  9.8047	  5.1536	   5.165	 0.0602	 0.0156	 0.6807	  0.678	0.9648	0.9538	14.2273	12.6282	   204769.7	   1.0235485e6	    264.2	   1314.2	12.4707	42.3023
regression/anacalt.txt  	 0.0202	 0.0203	0.9844	0.9852	  0.0697	  0.0708	  0.0495	  0.0506	 0.0009	 0.0003	 0.0027	  0.003	0.9687	0.9551	   0.33	 0.3178	     8297.2	       41272.0	   2923.2	  14514.3	 5.0956	11.1142
regression/bank8fh.txt  	 0.0053	 0.0053	0.8626	0.8649	  0.0132	  0.0132	  0.0078	  0.0079	 0.0001	    0.0	 0.0003	 0.0003	0.9552	0.9523	 0.2844	 0.2709	   465897.1	   2.3294834e6	      0.0	      0.0	23.9694	92.6917
regression/bank8fm.txt  	 0.0011	 0.0011	0.9797	0.9803	  0.0058	  0.0058	  0.0046	  0.0047	 0.0001	    0.0	 0.0001	 0.0001	0.9608	0.9521	 0.1281	 0.1193	   464949.6	   2.3244226e6	      0.0	      0.0	23.9613	93.2337
regression/bank8nh.txt  	 0.0033	 0.0033	0.6691	0.6731	  0.0074	  0.0074	  0.0041	  0.0041	 0.0001	    0.0	 0.0003	 0.0003	 0.953	0.9509	 0.2226	 0.2156	   465389.8	    2.327092e6	      0.0	      0.0	23.8811	91.8641
regression/bank8nm.txt  	 0.0006	 0.0006	0.9347	0.9368	   0.002	   0.002	  0.0014	  0.0014	    0.0	    0.0	    0.0	    0.0	0.9551	0.9513	 0.0883	 0.0847	   461550.9	   2.3074712e6	      0.0	      0.0	24.1353	91.4854
regression/boston.txt   	10.0269	 9.8836	0.9435	0.9449	 32.6179	 33.0874	 22.5909	 23.2037	 0.5821	 0.3242	 4.8434	 4.7501	0.9782	0.9604	 20.639	18.0503	    27981.2	      139846.8	    154.6	    750.8	 1.5467	 5.4639
regression/comp.txt     	 7.7106	 7.5631	0.9884	0.9887	  21.664	 21.7945	 13.9535	 14.2314	 0.2124	 0.0544	 0.7326	 0.7503	0.9631	0.9573	24.5347	21.1852	   386957.0	   1.9350063e6	     13.2	     66.0	23.8834	94.0222
regression/concreate.txt	29.2788	29.0288	0.9536	0.9547	 97.3823	 98.0837	 68.1035	 69.0549	 0.2938	 -0.973	 6.3894	 6.0905	 0.965	0.9515	29.8904	25.0904	    46983.3	      235132.1	   5310.8	  26260.3	 2.6124	 9.2987
regression/cooling.txt  	 3.0114	 2.9936	0.9834	0.9835	  5.2342	  5.2214	  2.2228	  2.2278	  0.068	 0.0688	 0.7433	 0.7665	0.9753	0.9596	 9.3681	 7.7217	    13958.7	       69301.8	   7171.5	  35667.5	 1.4241	 4.1048
regression/deltaA.txt   	    0.0	    0.0	0.8445	0.8461	     0.0	     0.0	     0.0	     0.0	    0.0	    0.0	    0.0	    0.0	0.9505	0.9496	 0.0007	 0.0007	   330299.4	     1.65124e6	   3001.5	  14936.2	19.2064	71.4526
regression/deltaE.txt   	    0.0	    0.0	0.7952	0.7969	     0.0	     0.0	     0.0	     0.0	    0.0	    0.0	    0.0	    0.0	0.9504	0.9502	 0.0059	 0.0058	   432588.6	   2.1617078e6	   7273.0	  36848.6	25.3857	 98.569
regression/friedm.txt   	 3.2947	 3.1782	0.9497	0.9532	 13.4837	 13.3534	  10.189	 10.1751	 0.1777	  0.079	 0.3102	 0.2369	0.9717	0.9533	 9.6908	 8.2183	    68277.8	      341465.9	      0.0	      0.0	 3.5593	11.4736
regression/heating.txt  	 0.6607	 0.6544	0.9968	0.9968	   2.738	  2.7893	  2.0773	  2.1349	 0.0525	 0.0111	  0.196	 0.1963	0.9792	0.9662	 5.0902	  4.365	    14072.3	       70519.3	   7274.1	  36403.7	 1.7333	 4.0445
regression/istanbul.txt 	 0.0002	 0.0002	0.7205	0.7257	  0.0004	  0.0004	  0.0002	  0.0002	    0.0	    0.0	    0.0	    0.0	0.9534	0.9534	 0.0607	  0.059	    30482.8	      152516.9	      1.4	      9.1	 1.6202	 5.3858
regression/kin8fh.txt   	 0.0021	 0.0021	0.8538	0.8576	  0.0058	  0.0058	  0.0037	  0.0037	 0.0001	    0.0	 0.0001	 0.0001	 0.955	0.9507	 0.1804	 0.1752	   466028.1	      2.3305e6	      0.0	      0.0	22.0953	87.0914
regression/kin8fm.txt   	 0.0005	 0.0005	0.9732	0.9753	  0.0025	  0.0025	   0.002	   0.002	    0.0	    0.0	    0.0	    0.0	0.9597	0.9514	 0.0872	 0.0825	   466069.6	   2.3300635e6	      0.0	      0.0	23.0234	87.1595
regression/kin8nh.txt   	 0.0346	 0.0341	0.7313	0.7388	  0.0836	  0.0833	   0.049	  0.0492	 0.0009	 0.0002	 0.0013	 0.0012	0.9652	0.9526	 0.7838	 0.7214	   466185.9	   2.3305401e6	      0.0	      0.0	22.8366	88.7897
regression/kin8nm.txt   	 0.0206	 0.0202	0.8671	0.8724	  0.0621	  0.0621	  0.0415	  0.0418	 0.0008	 0.0002	 0.0012	 0.0007	 0.965	0.9531	  0.585	 0.5394	   466003.6	   2.3302405e6	      0.0	      0.0	23.1478	88.5321
regression/laser.txt    	72.5816	72.9059	 0.985	0.9852	262.6164	258.4917	190.0348	185.5858	-1.0896	 -3.381	59.6133	66.6176	0.9668	0.9527	66.4809	52.5233	    53119.8	      265314.0	    497.9	   2537.8	 3.1427	 9.8707
regression/mg.txt       	 0.0048	 0.0046	0.9532	 0.955	  0.0131	   0.013	  0.0083	  0.0084	 0.0001	    0.0	 0.0012	 0.0012	0.9553	0.9567	 0.1901	  0.183	    78812.6	      394035.5	      0.0	      0.0	 3.6964	13.6225
regression/mortage.txt  	 0.0125	 0.0127	0.9994	0.9994	  0.0807	  0.0846	  0.0682	  0.0719	 0.0019	 0.0009	 0.0043	 0.0041	0.9647	0.9561	 0.6293	 0.5456	    57611.7	      288074.8	      0.0	      0.0	 3.1248	10.5097
regression/plastic.txt  	 3.0041	 2.9544	0.8943	0.8954	  5.2478	  5.1919	  2.2437	  2.2375	 0.0521	 0.0065	 0.1673	 0.1568	0.9624	0.9557	 8.2945	 7.9355	    14764.0	       74386.4	   7157.5	  36015.4	 2.8069	 6.5082
regression/puma8fh.txt  	10.3187	 10.243	0.7762	0.7784	 22.7685	 22.8308	 12.4498	 12.5877	 0.2572	 0.0378	 0.8716	  0.807	0.9694	0.9565	14.7132	12.9508	   465955.2	   2.3305827e6	      0.0	      0.0	22.9307	89.8698
regression/puma8fm.txt  	 1.2286	 1.1979	0.9728	0.9736	  4.7299	  4.7368	  3.5014	  3.5389	 0.0603	 0.0133	 0.0678	 0.0359	0.9774	0.9618	 6.6368	  4.951	   466125.2	    2.330763e6	      0.0	      0.0	22.8781	89.6167
regression/puma8nh.txt  	 10.839	10.6913	0.8166	0.8202	 26.5916	 26.5626	 15.7526	 15.8713	 0.2892	 0.0774	 0.3692	 0.2729	0.9683	 0.955	14.7566	13.0205	   466022.8	   2.3303315e6	      0.0	      0.0	23.2049	89.3328
regression/puma8nm.txt  	 1.8433	 1.8203	0.9752	0.9761	  9.5137	  9.7078	  7.6704	  7.8875	 0.1529	 0.0334	 0.1559	 0.0876	0.9795	0.9625	 7.5759	 5.8364	   466070.1	   2.3303176e6	      0.0	      0.0	23.2353	89.1928
regression/quakes.txt   	 0.0376	 0.0375	0.1601	0.1599	  0.0678	  0.0681	  0.0302	  0.0307	 0.0013	 0.0008	 0.0045	 0.0042	0.9573	0.9513	 0.8677	 0.8417	   108481.4	      542274.0	    401.1	   2024.4	 6.0154	20.6659
regression/stock.txt    	 0.4645	 0.4582	0.9947	0.9947	  2.1852	  2.2019	  1.7207	  1.7437	 0.0112	 -0.015	 0.0895	 0.1042	0.9747	0.9642	 6.5274	   4.73	    51353.2	      256917.6	      2.8	     11.9	 2.8586	 8.8321
regression/treasury.txt 	 0.0339	 0.0328	0.9986	0.9987	   0.166	   0.164	  0.1321	  0.1311	 0.0034	 0.0022	 0.0122	 0.0102	 0.958	0.9551	 1.3091	 1.1358	    55481.0	      277585.8	      0.0	      0.0	  2.966	10.3109
regression/wineRed.txt  	 0.3209	 0.3155	0.7155	0.7235	  0.7188	   0.718	  0.3979	  0.4025	 0.0067	 0.0047	 0.0284	 0.0292	0.9531	  0.95	 2.4175	 2.2841	    47824.4	      239313.9	      2.8	     10.3	 3.8126	12.1279
regression/wineWhite.txt	 0.3503	 0.3468	0.7503	0.7543	  0.8188	  0.8177	  0.4685	  0.4709	 0.0091	 0.0011	 0.0219	 0.0193	0.9618	0.9547	 2.4752	 2.2305	   151101.7	      755750.8	     29.9	    147.4	11.3888	41.8951
regression/wizmir.txt   	 1.4196	 1.3835	0.9966	0.9967	  7.3367	  7.4341	  5.9171	  6.0506	  0.113	 0.0203	 0.2864	 0.2435	0.9685	0.9555	 7.5371	 6.1197	    81766.9	      408887.2	     43.7	    227.2	 4.1827	14.8761

Mean                    	  4.886	 4.8616	0.8715	0.8737	  15.942	 15.8609	 11.0561	 10.9993	   0.04	-0.1096	 2.2908	 2.4809	0.9638	0.9549	  7.776	 6.5194	237916.1394	1.1895728939e6	1258.2788	6295.3061	12.7828	48.0397


Ranks
                        	    MSE	       	  Corr	      	   AvMSE	        	  VarMSE	        	 DEOMSE	       	 AEEMSE	       	 Valid	      	 Region	       	       Size	              	    NoIrr	         	   Time	       
Dataset                 	     M1	     M2	    M1	    M2	      M1	      M2	      M1	      M2	     M1	     M2	     M1	     M2	    M1	    M2	     M1	     M2	         M1	            M2	       M1	       M2	     M1	     M2

regression/abalone.txt  	    2.0	    1.0	   2.0	   1.0	     2.0	     1.0	     2.0	     1.0	    1.0	    2.0	    2.0	    1.0	   1.0	   2.0	    2.0	    1.0	        1.0	           2.0	      1.0	      2.0	    1.0	    2.0
regression/anacalt.txt  	    1.0	    2.0	   2.0	   1.0	     1.0	     2.0	     2.0	     1.0	    1.0	    2.0	    1.0	    2.0	   1.0	   2.0	    2.0	    1.0	        1.0	           2.0	      1.0	      2.0	    1.0	    2.0
regression/bank8fh.txt  	    2.0	    1.0	   2.0	   1.0	     1.0	     2.0	     2.0	     1.0	    1.0	    2.0	    1.0	    2.0	   1.0	   2.0	    2.0	    1.0	        1.0	           2.0	      1.5	      1.5	    1.0	    2.0
regression/bank8fm.txt  	    2.0	    1.0	   2.0	   1.0	     1.0	     2.0	     2.0	     1.0	    1.0	    2.0	    2.0	    1.0	   1.0	   2.0	    2.0	    1.0	        1.0	           2.0	      1.5	      1.5	    1.0	    2.0
regression/bank8nh.txt  	    2.0	    1.0	   2.0	   1.0	     1.0	     2.0	     2.0	     1.0	    1.0	    2.0	    2.0	    1.0	   1.0	   2.0	    2.0	    1.0	        1.0	           2.0	      1.5	      1.5	    1.0	    2.0
regression/bank8nm.txt  	    2.0	    1.0	   2.0	   1.0	     1.0	     2.0	     2.0	     1.0	    1.0	    2.0	    2.0	    1.0	   1.0	   2.0	    2.0	    1.0	        1.0	           2.0	      1.5	      1.5	    1.0	    2.0
regression/boston.txt   	    2.0	    1.0	   2.0	   1.0	     1.0	     2.0	     2.0	     1.0	    1.0	    2.0	    2.0	    1.0	   1.0	   2.0	    2.0	    1.0	        1.0	           2.0	      1.0	      2.0	    1.0	    2.0
regression/comp.txt     	    2.0	    1.0	   2.0	   1.0	     1.0	     2.0	     2.0	     1.0	    1.0	    2.0	    1.0	    2.0	   1.0	   2.0	    2.0	    1.0	        1.0	           2.0	      1.0	      2.0	    1.0	    2.0
regression/concreate.txt	    2.0	    1.0	   2.0	   1.0	     1.0	     2.0	     2.0	     1.0	    1.0	    2.0	    2.0	    1.0	   1.0	   2.0	    2.0	    1.0	        1.0	           2.0	      1.0	      2.0	    1.0	    2.0
regression/cooling.txt  	    2.0	    1.0	   2.0	   1.0	     2.0	     1.0	     2.0	     1.0	    2.0	    1.0	    1.0	    2.0	   1.0	   2.0	    2.0	    1.0	        1.0	           2.0	      1.0	      2.0	    1.0	    2.0
regression/deltaA.txt   	    2.0	    1.0	   2.0	   1.0	     1.0	     2.0	     2.0	     1.0	    1.0	    2.0	    2.0	    1.0	   1.0	   2.0	    2.0	    1.0	        1.0	           2.0	      1.0	      2.0	    1.0	    2.0
regression/deltaE.txt   	    2.0	    1.0	   2.0	   1.0	     1.0	     2.0	     2.0	     1.0	    1.0	    2.0	    1.0	    2.0	   1.0	   2.0	    2.0	    1.0	        1.0	           2.0	      1.0	      2.0	    1.0	    2.0
regression/friedm.txt   	    2.0	    1.0	   2.0	   1.0	     2.0	     1.0	     1.0	     2.0	    1.0	    2.0	    2.0	    1.0	   1.0	   2.0	    2.0	    1.0	        1.0	           2.0	      1.5	      1.5	    1.0	    2.0
regression/heating.txt  	    2.0	    1.0	   2.0	   1.0	     1.0	     2.0	     2.0	     1.0	    1.0	    2.0	    1.0	    2.0	   1.0	   2.0	    2.0	    1.0	        1.0	           2.0	      1.0	      2.0	    1.0	    2.0
regression/istanbul.txt 	    2.0	    1.0	   2.0	   1.0	     2.0	     1.0	     2.0	     1.0	    1.0	    2.0	    2.0	    1.0	   1.5	   1.5	    2.0	    1.0	        1.0	           2.0	      1.0	      2.0	    1.0	    2.0
regression/kin8fh.txt   	    2.0	    1.0	   2.0	   1.0	     2.0	     1.0	     2.0	     1.0	    1.0	    2.0	    2.0	    1.0	   1.0	   2.0	    2.0	    1.0	        1.0	           2.0	      1.5	      1.5	    1.0	    2.0
regression/kin8fm.txt   	    2.0	    1.0	   2.0	   1.0	     2.0	     1.0	     2.0	     1.0	    1.0	    2.0	    2.0	    1.0	   1.0	   2.0	    2.0	    1.0	        1.0	           2.0	      1.5	      1.5	    1.0	    2.0
regression/kin8nh.txt   	    2.0	    1.0	   2.0	   1.0	     2.0	     1.0	     2.0	     1.0	    1.0	    2.0	    2.0	    1.0	   1.0	   2.0	    2.0	    1.0	        1.0	           2.0	      1.5	      1.5	    1.0	    2.0
regression/kin8nm.txt   	    2.0	    1.0	   2.0	   1.0	     2.0	     1.0	     2.0	     1.0	    1.0	    2.0	    2.0	    1.0	   1.0	   2.0	    2.0	    1.0	        1.0	           2.0	      1.5	      1.5	    1.0	    2.0
regression/laser.txt    	    1.0	    2.0	   2.0	   1.0	     2.0	     1.0	     1.0	     2.0	    1.0	    2.0	    1.0	    2.0	   1.0	   2.0	    2.0	    1.0	        1.0	           2.0	      1.0	      2.0	    1.0	    2.0
regression/mg.txt       	    2.0	    1.0	   2.0	   1.0	     2.0	     1.0	     2.0	     1.0	    1.0	    2.0	    1.0	    2.0	   2.0	   1.0	    2.0	    1.0	        1.0	           2.0	      1.5	      1.5	    1.0	    2.0
regression/mortage.txt  	    1.0	    2.0	   1.0	   2.0	     1.0	     2.0	     2.0	     1.0	    1.0	    2.0	    2.0	    1.0	   1.0	   2.0	    2.0	    1.0	        1.0	           2.0	      1.5	      1.5	    1.0	    2.0
regression/plastic.txt  	    2.0	    1.0	   2.0	   1.0	     2.0	     1.0	     1.0	     2.0	    1.0	    2.0	    2.0	    1.0	   1.0	   2.0	    2.0	    1.0	        1.0	           2.0	      1.0	      2.0	    1.0	    2.0
regression/puma8fh.txt  	    2.0	    1.0	   2.0	   1.0	     1.0	     2.0	     2.0	     1.0	    1.0	    2.0	    2.0	    1.0	   1.0	   2.0	    2.0	    1.0	        1.0	           2.0	      1.5	      1.5	    1.0	    2.0
regression/puma8fm.txt  	    2.0	    1.0	   2.0	   1.0	     1.0	     2.0	     2.0	     1.0	    1.0	    2.0	    2.0	    1.0	   1.0	   2.0	    2.0	    1.0	        1.0	           2.0	      1.5	      1.5	    1.0	    2.0
regression/puma8nh.txt  	    2.0	    1.0	   2.0	   1.0	     2.0	     1.0	     2.0	     1.0	    1.0	    2.0	    2.0	    1.0	   1.0	   2.0	    2.0	    1.0	        1.0	           2.0	      1.5	      1.5	    1.0	    2.0
regression/puma8nm.txt  	    2.0	    1.0	   2.0	   1.0	     1.0	     2.0	     2.0	     1.0	    1.0	    2.0	    2.0	    1.0	   1.0	   2.0	    2.0	    1.0	        1.0	           2.0	      1.5	      1.5	    1.0	    2.0
regression/quakes.txt   	    2.0	    1.0	   1.0	   2.0	     1.0	     2.0	     2.0	     1.0	    1.0	    2.0	    2.0	    1.0	   1.0	   2.0	    2.0	    1.0	        1.0	           2.0	      1.0	      2.0	    1.0	    2.0
regression/stock.txt    	    2.0	    1.0	   2.0	   1.0	     1.0	     2.0	     2.0	     1.0	    1.0	    2.0	    1.0	    2.0	   1.0	   2.0	    2.0	    1.0	        1.0	           2.0	      1.0	      2.0	    1.0	    2.0
regression/treasury.txt 	    2.0	    1.0	   2.0	   1.0	     2.0	     1.0	     1.0	     2.0	    1.0	    2.0	    2.0	    1.0	   1.0	   2.0	    2.0	    1.0	        1.0	           2.0	      1.5	      1.5	    1.0	    2.0
regression/wineRed.txt  	    2.0	    1.0	   2.0	   1.0	     2.0	     1.0	     2.0	     1.0	    1.0	    2.0	    1.0	    2.0	   1.0	   2.0	    2.0	    1.0	        1.0	           2.0	      1.0	      2.0	    1.0	    2.0
regression/wineWhite.txt	    2.0	    1.0	   2.0	   1.0	     2.0	     1.0	     2.0	     1.0	    1.0	    2.0	    2.0	    1.0	   1.0	   2.0	    2.0	    1.0	        1.0	           2.0	      1.0	      2.0	    1.0	    2.0
regression/wizmir.txt   	    2.0	    1.0	   2.0	   1.0	     1.0	     2.0	     2.0	     1.0	    1.0	    2.0	    2.0	    1.0	   1.0	   2.0	    2.0	    1.0	        1.0	           2.0	      1.0	      2.0	    1.0	    2.0

Mean                    	 1.9091	 1.0909	1.9394	1.0606	  1.4545	  1.5455	  1.8788	  1.1212	 1.0303	 1.9697	  1.697	  1.303	1.0455	1.9545	    2.0	    1.0	        1.0	           2.0	   1.2424	   1.7576	    1.0	    2.0

Methods

M1: 	learningType = RandomForest.Undefined()
	modeltype = forest
	notrees = 100
	minleaf = 1
	maxdepth = 0
	randsub = default
	randval = true
	splitsample = 0
	bagging = true
	bagsize = 1.0
	modpred = false
	laplace = false
	confidence = 0.95
	conformal = default

M2: 	learningType = RandomForest.Undefined()
	modeltype = forest
	notrees = 500
	minleaf = 1
	maxdepth = 0
	randsub = default
	randval = true
	splitsample = 0
	bagging = true
	bagsize = 1.0
	modpred = false
	laplace = false
	confidence = 0.95
	conformal = default

Total time: 2009.32 s.
