
Classification results
                               	   Acc	      	   AUC	      	 Brier	      	 AvAcc	      	 DEOAcc	       	AEEAcc	      	AvBrier	      	VBrier	      	 Margin	       	  Prob	      	 Valid	      	 Region	       	  OneC	      	      Size	           	    NoIrr	          	   Time	        
Dataset                        	    M1	    M2	    M1	    M2	    M1	    M2	    M1	    M2	     M1	     M2	    M1	    M2	    M1	    M2	    M1	    M2	     M1	     M2	    M1	    M2	    M1	    M2	     M1	     M2	    M1	    M2	        M1	         M2	       M1	        M2	     M1	      M2

uci/anneal-orig.txt            	0.8173	0.8139	0.9515	0.9523	0.2151	0.2155	0.8125	0.8125	 0.0028	 0.0039	0.0468	0.0405	0.2689	0.2693	0.0538	0.0538	 0.5034	 0.5018	0.7733	0.7718	0.9487	0.9375	 1.2015	 1.1815	0.7549	0.7572	    9872.8	    49867.4	   1965.7	    9920.9	 3.4197	  9.1997
uci/audiology.txt              	  0.77	  0.76	0.9257	0.9297	0.4381	0.4296	0.5092	0.5137	-0.0217	 0.0044	0.0628	0.0711	0.7372	0.7326	0.2992	 0.303	 0.2336	 0.2398	0.5055	0.5008	 0.945	  0.96	   5.33	  5.345	 0.445	 0.475	    3864.4	    19527.5	   1086.6	    5462.9	 2.0237	  3.7822
uci/autos.txt                  	0.8248	0.8248	0.9369	0.9324	0.2979	 0.302	 0.628	0.6225	-0.0156	-0.0036	  0.07	0.0811	 0.721	0.7321	0.4231	0.4301	 0.3951	 0.3884	0.6717	0.6667	0.9607	0.9507	  2.125	 2.0293	0.5029	0.5371	    5663.4	    28310.3	     57.7	     296.9	 0.8587	  2.2954
uci/balance-scale.txt          	0.8303	0.8271	0.9281	0.9293	0.2343	0.2329	0.7671	 0.767	 -0.002	 0.0042	0.0418	0.0424	0.4495	0.4498	0.2152	0.2168	 0.6073	 0.6099	0.8268	0.8246	0.9616	0.9568	  1.491	 1.4608	0.7008	0.7104	   11248.2	    56139.3	    711.5	    3537.7	 1.2546	  4.0751
uci/breast-cancer-wisconsin.txt	0.9699	0.9699	0.9771	0.9761	0.0517	0.0509	0.9406	0.9401	 -0.003	    0.0	0.0167	0.0188	 0.118	 0.119	0.0663	0.0681	 0.8803	 0.8793	0.9549	0.9538	0.9542	0.9528	 0.9742	 0.9728	0.9542	0.9528	    3704.2	    18559.3	      7.6	      32.9	 1.3062	   3.571
uci/breast-cancer.txt          	0.7304	0.7197	0.6641	0.6784	0.3964	0.3919	0.6557	0.6542	-0.0179	 0.0044	0.0455	0.0432	0.6622	0.6632	0.2658	0.2713	 0.2906	 0.2889	0.7658	 0.761	 0.958	0.9615	  1.749	  1.759	 0.209	0.2025	    7205.9	    35936.7	    722.9	    3656.3	 0.8064	  2.3379
uci/car.txt                    	0.9572	0.9572	0.9888	0.9905	0.0913	0.0917	0.8594	0.8583	-0.0026	-0.0013	0.0122	0.0125	0.2361	0.2382	0.1448	0.1465	 0.7429	 0.7415	0.8653	0.8638	0.9543	0.9514	 0.9925	 0.9902	0.9543	0.9514	   15710.2	    78323.6	   3005.2	   15172.3	 3.4456	  9.8196
uci/cleveland-heart-disease.txt	0.5804	0.5672	0.7827	0.7896	0.5223	0.5192	0.4993	0.4967	-0.0029	  0.003	0.0805	0.0892	0.9932	0.9979	0.4709	0.4787	 0.2101	 0.2088	0.6195	0.6153	0.9502	0.9402	 3.1888	 3.0756	0.3363	 0.363	    9532.6	    47511.1	    139.8	     682.0	 0.9478	  2.7417
uci/crx.txt                    	 0.871	0.8667	0.9108	0.9114	0.1991	0.2002	0.7959	0.7962	-0.0047	 0.0008	0.0349	0.0369	0.3954	0.3952	0.1962	 0.195	 0.5873	 0.5867	0.8539	0.8552	0.9478	0.9449	 1.2623	 1.2391	0.6855	0.7058	   12272.6	    61257.1	    325.7	    1662.8	 1.9515	  5.8268
uci/cylinder-bands.txt         	0.7963	0.7852	 0.857	0.8629	0.3021	0.2998	0.6641	0.6626	-0.0029	  0.015	0.0457	 0.064	0.6408	0.6439	0.3387	 0.344	 0.3248	  0.322	0.7098	0.7067	0.9593	0.9537	 1.4759	  1.437	0.4833	0.5167	   12314.1	    61550.2	     38.1	     200.3	 1.8916	  5.7598
uci/dermatology.txt            	0.9755	 0.981	0.9783	0.9786	 0.054	0.0526	0.8906	0.8904	  0.002	 0.0002	 0.013	0.0153	0.2121	0.2128	0.1581	0.1602	  0.814	 0.8155	0.8926	0.8916	0.9483	0.9565	 0.9511	 0.9592	0.9483	0.9565	    3673.2	    18437.7	    104.1	     544.3	 1.0403	  2.4624
uci/ecoli.txt                  	0.8866	0.8719	0.9557	0.9571	 0.228	0.2256	0.7369	0.7363	-0.0292	-0.0035	0.0566	0.0549	0.5254	0.5265	0.2974	0.3008	 0.5372	 0.5396	0.7905	0.7897	0.9493	0.9553	  2.154	 2.0873	0.5953	0.6191	    7646.8	    38340.1	     31.0	     156.4	 1.1464	   2.749
uci/glass.txt                  	0.7942	 0.766	0.9032	0.9116	 0.345	0.3401	0.6109	0.6089	-0.0325	 0.0164	 0.076	0.0867	0.7783	0.7822	0.4333	0.4421	 0.3479	 0.3464	0.6779	0.6724	0.9392	0.9439	  2.461	 2.2342	 0.463	0.4673	    5747.5	    28746.6	      0.5	       2.7	 0.7421	  2.1448
uci/hepatitis.txt              	  0.83	0.8175	0.8424	0.8401	0.2292	0.2279	0.7802	0.7781	 0.0065	 0.0147	0.1045	0.0905	0.4156	 0.419	0.1864	 0.191	 0.5486	  0.545	  0.84	 0.835	0.9538	0.9471	 1.2908	 1.2904	0.6629	0.6567	    2556.6	    12768.8	     16.8	      88.5	  0.527	  1.1987
uci/house-votes.txt            	0.9655	0.9632	0.9686	0.9693	0.0579	0.0581	 0.934	 0.934	-0.0012	 0.0008	0.0233	0.0264	0.1196	0.1191	0.0617	0.0611	 0.8584	 0.8592	 0.945	0.9458	 0.954	0.9495	 0.9816	 0.9701	 0.954	0.9495	    2852.7	    14210.3	    203.0	    1024.5	 0.9107	  2.5839
uci/hungarian-heart-disease.txt	0.8197	0.8264	0.8792	0.8802	0.2446	0.2419	0.7647	0.7658	-0.0064	-0.0075	  0.06	0.0574	0.4126	0.4076	 0.168	0.1657	 0.5049	 0.5086	0.8198	0.8205	0.9556	0.9557	 1.3399	 1.3402	0.6157	0.6155	    5753.7	    28619.7	    190.7	     962.7	 0.8121	  2.5201
uci/ionosphere.txt             	0.9402	0.9402	0.9439	0.9456	0.1045	0.1027	0.8541	0.8546	-0.0006	-0.0006	0.0325	0.0287	0.2919	0.2908	0.1874	0.1881	 0.7081	 0.7092	 0.875	0.8754	0.9572	0.9629	 1.0513	 1.0541	 0.906	0.9088	    3964.7	    19773.9	      0.0	       0.8	  0.905	  2.5992
uci/iris.txt                   	0.9533	0.9467	0.9526	0.9513	0.0652	0.0653	0.9321	0.9331	    0.0	 0.0067	0.0622	0.0585	0.1357	0.1338	0.0705	0.0685	 0.8648	 0.8668	0.9545	 0.956	0.9467	0.9467	    1.0	    1.0	0.9333	0.9333	    1292.8	     6408.0	      0.0	       0.0	 0.5189	   0.883
uci/kr-vs-kp.txt               	0.9875	0.9872	0.9946	0.9945	0.0347	0.0343	0.9232	 0.923	-0.0008	 0.0002	0.0044	0.0041	0.1176	0.1181	0.0829	0.0837	  0.831	 0.8305	0.9183	0.9178	0.9543	0.9553	 0.9565	 0.9575	0.9543	0.9553	   16031.8	    80599.9	   3095.8	   15602.4	 7.2439	 20.7977
uci/krkopt.txt                 	0.6345	0.6389	0.9525	0.9546	 0.525	0.5224	0.4364	0.4366	-0.0078	-0.0024	0.0084	0.0067	0.8329	0.8326	0.3079	0.3102	 0.1162	 0.1182	0.4549	0.4533	0.9602	0.9539	 5.2426	 4.2078	0.2413	0.2714	  463165.4	2.3169511e6	 163373.4	  818139.2	80.2412	328.3332
uci/labor.txt                  	  0.95	0.9333	0.7703	0.7375	 0.178	0.1847	0.7802	0.7774	 -0.059	-0.0229	 0.108	0.1013	0.3533	0.3592	0.1754	0.1745	 0.4736	 0.4647	0.7444	0.7425	0.9833	0.9667	 1.2333	 1.1267	  0.75	  0.84	    1107.1	     5506.9	      1.0	       7.3	 0.3061	  0.7745
uci/lung-cancer.txt            	0.3083	0.4333	0.5146	 0.559	0.6378	0.6174	0.3939	 0.404	 0.1462	 0.0423	 0.349	0.2037	1.2039	1.1814	0.5661	 0.564	-0.0589	-0.0433	0.5251	0.5296	0.9667	0.9667	   2.85	 2.7417	 0.025	   0.0	    1076.7	     5412.2	     14.5	      74.0	 0.3108	   0.611
uci/lymphography.txt           	0.8633	0.8567	0.9006	0.9086	0.2376	 0.231	0.7283	0.7305	-0.0037	 0.0089	0.0987	0.1114	 0.535	0.5293	0.2974	0.2982	 0.4818	 0.4867	0.7762	0.7777	0.9519	0.9586	 1.4886	 1.5486	  0.58	0.5938	    2947.7	    14716.1	     78.8	     392.0	 0.6218	  1.3508
uci/mushroom.txt               	   1.0	   1.0	0.9985	0.9984	0.0002	0.0002	0.9978	0.9977	    0.0	    0.0	   0.0	   0.0	 0.003	0.0032	0.0027	 0.003	 0.9944	 0.9938	0.9972	0.9969	0.9625	0.9561	 0.9625	 0.9561	0.9625	0.9561	    2928.3	    14571.6	     70.2	     344.9	13.7344	 40.0315
uci/new-thyroid.txt            	 0.958	 0.958	0.9281	0.9259	0.0521	0.0528	0.9179	0.9169	 0.0089	 0.0079	0.0389	  0.04	0.1642	0.1661	0.1121	0.1133	 0.8373	 0.8352	0.9273	0.9259	 0.958	 0.958	 0.9818	 0.9771	 0.958	 0.958	    2074.3	    10386.2	      0.0	       0.0	 0.6274	   1.396
uci/pima-indians-diabetes.txt  	0.7707	0.7629	0.8168	0.8193	0.3216	0.3196	0.6738	0.6745	  -0.01	 0.0029	 0.044	0.0424	0.6523	 0.651	0.3308	0.3315	 0.3476	  0.349	0.7513	0.7513	 0.957	0.9466	 1.5729	 1.5222	0.3841	0.4244	   17122.8	    85495.4	      1.8	       7.0	 1.9713	  6.6255
uci/post-operative-patients.txt	0.6333	0.6556	0.3194	0.3277	0.5487	0.5444	0.5556	0.5554	 0.0025	-0.0173	 0.084	0.0815	0.8491	0.8507	0.3004	0.3063	 0.1155	 0.1151	0.7279	0.7258	0.9444	0.9667	 2.7333	    2.7	0.0222	0.0111	    2557.2	    12755.8	    400.2	    2018.7	 0.3693	  0.9725
uci/primary-tumor.txt          	0.4458	0.4457	0.8104	0.8132	0.7074	0.7085	0.3299	0.3273	-0.0161	-0.0078	0.0957	0.1035	1.0653	1.0672	0.3579	0.3587	 0.0178	 0.0139	0.4546	 0.455	0.9617	0.9499	15.7873	14.9316	0.1241	0.1388	    9607.1	    48080.0	   2575.5	   12924.1	 1.4812	  4.8479
uci/promoters.txt              	0.9064	0.9345	0.9073	 0.913	0.2664	0.2581	0.6563	0.6583	-0.0374	-0.0121	0.0725	0.0543	0.6873	0.6834	 0.421	0.4253	 0.3127	 0.3166	0.6668	0.6629	0.9818	0.9909	 1.3191	 1.2164	0.6627	0.7745	    2071.5	    10354.8	      0.1	       0.2	 0.4867	  0.9635
uci/sick-euthyroid.txt         	0.9516	0.9523	0.9548	0.9549	0.0739	0.0729	0.9222	0.9231	-0.0028	-0.0011	0.0117	0.0111	0.1263	0.1258	0.0524	0.0529	 0.8047	 0.8056	0.9179	 0.918	0.9535	 0.951	 1.0063	 0.9984	0.9459	0.9488	   19552.9	    99117.2	   1836.9	    9201.8	 7.9845	 28.7392
uci/soybean-large.txt          	0.9183	0.9281	0.9771	 0.977	0.1769	0.1745	0.7529	0.7497	-0.0051	 -0.012	0.0362	0.0388	0.4331	0.4365	0.2561	0.2621	 0.5878	 0.5892	0.7435	0.7409	0.9542	0.9574	 1.2776	 1.1866	0.8499	0.8501	    5751.1	    28802.0	    442.5	    2185.7	 1.5515	  3.9267
uci/soybean.txt                	0.9179	0.9209	0.9857	0.9862	0.1507	0.1482	0.8159	0.8149	 0.0088	 0.0124	 0.021	0.0198	0.3095	0.3111	0.1589	0.1629	 0.6705	 0.6716	0.7947	 0.793	0.9502	0.9502	 1.2794	 1.1973	0.8608	0.8725	    9004.3	    45142.3	    839.9	    4116.6	  2.605	  8.2772
uci/spambase.txt               	0.9518	0.9557	0.9859	0.9865	0.0814	0.0802	0.8857	0.8854	 0.0016	-0.0003	0.0086	0.0089	0.2158	 0.216	0.1344	0.1358	 0.7611	 0.7611	0.8965	0.8959	0.9504	0.9487	 0.9957	 0.9887	0.9504	0.9487	   53167.7	   266533.0	   2638.3	   13140.2	16.8516	 64.8524
uci/spectf.txt                 	0.9169	0.9112	 0.904	0.9165	 0.144	0.1403	0.7995	   0.8	 0.0083	 0.0134	0.0308	0.0345	 0.401	0.3999	 0.257	0.2596	  0.599	 0.6001	0.8214	0.8198	0.9513	0.9485	 1.0888	 1.0717	0.8624	0.8768	    5301.6	    26532.5	      0.0	       0.0	 1.2385	  2.8007
uci/splice.txt                 	0.9636	 0.968	0.9909	0.9914	0.1425	0.1378	0.7539	0.7569	-0.0096	-0.0033	0.0127	0.0095	0.4922	0.4861	0.3497	0.3483	 0.5774	  0.585	0.7609	0.7633	0.9602	0.9549	 0.9962	 0.9812	0.9589	0.9549	   48644.7	   241016.0	     41.2	     205.8	 9.2396	 31.9558
uci/tae.txt                    	0.6212	0.6417	0.8021	0.8164	0.4986	0.4805	0.5432	 0.552	 0.0138	-0.0074	 0.099	0.0841	0.8652	0.8482	0.3667	0.3677	 0.1674	 0.1848	0.6833	0.6838	0.9538	0.9471	 2.6088	 2.4904	0.1196	0.1521	    5106.5	    25492.8	    473.9	    2412.5	 0.5966	  1.5914
uci/tic-tac-toe.txt            	0.9906	0.9917	0.9855	0.9858	0.0781	0.0767	0.8405	0.8398	-0.0051	-0.0002	0.0109	0.0076	0.3115	0.3128	0.2333	0.2361	 0.6792	  0.678	0.8411	0.8403	0.9624	0.9603	 0.9655	 0.9614	0.9624	0.9603	   14025.3	    69997.7	    493.0	    2505.9	 2.3277	  6.8624
uci/wine.txt                   	0.9886	0.9886	0.9518	0.9498	0.0603	0.0592	0.8741	0.8714	-0.0079	-0.0023	0.0233	0.0214	0.2518	0.2573	0.1915	0.1981	 0.7649	 0.7618	0.8768	0.8742	0.9601	0.9549	 0.9657	 0.9605	0.9601	0.9549	    2152.3	    10728.7	      0.0	       0.0	 0.6057	  1.1984
uci/yeast.txt                  	0.6254	 0.616	0.8486	0.8489	0.5157	0.5152	0.4631	0.4612	 -0.017	-0.0009	 0.037	0.0367	1.0724	1.0758	0.5567	0.5606	 0.1303	 0.1295	0.5714	0.5686	0.9596	0.9542	 6.0123	 5.5112	0.1651	0.1799	   52165.7	   260857.2	    160.7	     840.8	 4.8051	 17.5469

Mean                           	0.8363	0.8381	0.8884	0.8911	0.2438	0.2412	0.7354	0.7354	-0.0032	 0.0014	0.0533	0.0497	0.4886	0.4883	0.2448	0.2471	 0.5172	 0.5181	0.7742	0.7729	0.9559	0.9545	  2.137	 2.0425	0.6514	0.6641	22062.5231	110341.9744	4747.2974	23782.6667	 4.6079	  16.436


Ranks
                               	   Acc	      	   AUC	      	 Brier	      	 AvAcc	      	 DEOAcc	       	AEEAcc	      	AvBrier	      	VBrier	      	 Margin	       	  Prob	      	 Valid	      	 Region	       	  OneC	      	      Size	           	    NoIrr	          	   Time	        
Dataset                        	    M1	    M2	    M1	    M2	    M1	    M2	    M1	    M2	     M1	     M2	    M1	    M2	    M1	    M2	    M1	    M2	     M1	     M2	    M1	    M2	    M1	    M2	     M1	     M2	    M1	    M2	        M1	         M2	       M1	        M2	     M1	      M2

uci/anneal-orig.txt            	   1.0	   2.0	   2.0	   1.0	   1.0	   2.0	   2.0	   1.0	    1.0	    2.0	   2.0	   1.0	   1.0	   2.0	   1.0	   2.0	    1.0	    2.0	   1.0	   2.0	   1.0	   2.0	    2.0	    1.0	   2.0	   1.0	       1.0	        2.0	      1.0	       2.0	    1.0	     2.0
uci/audiology.txt              	   1.0	   2.0	   2.0	   1.0	   2.0	   1.0	   2.0	   1.0	    1.0	    2.0	   1.0	   2.0	   2.0	   1.0	   2.0	   1.0	    2.0	    1.0	   1.0	   2.0	   2.0	   1.0	    1.0	    2.0	   2.0	   1.0	       1.0	        2.0	      1.0	       2.0	    1.0	     2.0
uci/autos.txt                  	   2.0	   1.0	   1.0	   2.0	   1.0	   2.0	   1.0	   2.0	    1.0	    2.0	   1.0	   2.0	   1.0	   2.0	   2.0	   1.0	    1.0	    2.0	   1.0	   2.0	   1.0	   2.0	    2.0	    1.0	   2.0	   1.0	       1.0	        2.0	      1.0	       2.0	    1.0	     2.0
uci/balance-scale.txt          	   1.0	   2.0	   2.0	   1.0	   2.0	   1.0	   1.0	   2.0	    1.0	    2.0	   1.0	   2.0	   1.0	   2.0	   2.0	   1.0	    2.0	    1.0	   1.0	   2.0	   1.0	   2.0	    2.0	    1.0	   2.0	   1.0	       1.0	        2.0	      1.0	       2.0	    1.0	     2.0
uci/breast-cancer-wisconsin.txt	   1.5	   1.5	   1.0	   2.0	   2.0	   1.0	   1.0	   2.0	    1.0	    2.0	   1.0	   2.0	   1.0	   2.0	   2.0	   1.0	    1.0	    2.0	   1.0	   2.0	   1.0	   2.0	    2.0	    1.0	   1.0	   2.0	       1.0	        2.0	      1.0	       2.0	    1.0	     2.0
uci/breast-cancer.txt          	   1.0	   2.0	   2.0	   1.0	   2.0	   1.0	   1.0	   2.0	    1.0	    2.0	   2.0	   1.0	   1.0	   2.0	   2.0	   1.0	    1.0	    2.0	   1.0	   2.0	   2.0	   1.0	    1.0	    2.0	   1.0	   2.0	       1.0	        2.0	      1.0	       2.0	    1.0	     2.0
uci/car.txt                    	   1.0	   2.0	   2.0	   1.0	   1.0	   2.0	   1.0	   2.0	    1.0	    2.0	   1.0	   2.0	   1.0	   2.0	   2.0	   1.0	    1.0	    2.0	   1.0	   2.0	   1.0	   2.0	    2.0	    1.0	   1.0	   2.0	       1.0	        2.0	      1.0	       2.0	    1.0	     2.0
uci/cleveland-heart-disease.txt	   1.0	   2.0	   2.0	   1.0	   2.0	   1.0	   1.0	   2.0	    1.0	    2.0	   1.0	   2.0	   1.0	   2.0	   2.0	   1.0	    1.0	    2.0	   1.0	   2.0	   1.0	   2.0	    2.0	    1.0	   2.0	   1.0	       1.0	        2.0	      1.0	       2.0	    1.0	     2.0
uci/crx.txt                    	   1.0	   2.0	   2.0	   1.0	   1.0	   2.0	   2.0	   1.0	    1.0	    2.0	   1.0	   2.0	   2.0	   1.0	   1.0	   2.0	    1.0	    2.0	   2.0	   1.0	   1.0	   2.0	    2.0	    1.0	   2.0	   1.0	       1.0	        2.0	      1.0	       2.0	    1.0	     2.0
uci/cylinder-bands.txt         	   1.0	   2.0	   2.0	   1.0	   2.0	   1.0	   1.0	   2.0	    1.0	    2.0	   1.0	   2.0	   1.0	   2.0	   2.0	   1.0	    1.0	    2.0	   1.0	   2.0	   1.0	   2.0	    2.0	    1.0	   2.0	   1.0	       1.0	        2.0	      1.0	       2.0	    1.0	     2.0
uci/dermatology.txt            	   2.0	   1.0	   2.0	   1.0	   2.0	   1.0	   1.0	   2.0	    2.0	    1.0	   1.0	   2.0	   1.0	   2.0	   2.0	   1.0	    2.0	    1.0	   1.0	   2.0	   2.0	   1.0	    1.0	    2.0	   2.0	   1.0	       1.0	        2.0	      1.0	       2.0	    1.0	     2.0
uci/ecoli.txt                  	   1.0	   2.0	   2.0	   1.0	   2.0	   1.0	   1.0	   2.0	    1.0	    2.0	   2.0	   1.0	   1.0	   2.0	   2.0	   1.0	    2.0	    1.0	   1.0	   2.0	   2.0	   1.0	    2.0	    1.0	   2.0	   1.0	       1.0	        2.0	      1.0	       2.0	    1.0	     2.0
uci/glass.txt                  	   1.0	   2.0	   2.0	   1.0	   2.0	   1.0	   1.0	   2.0	    1.0	    2.0	   1.0	   2.0	   1.0	   2.0	   2.0	   1.0	    1.0	    2.0	   1.0	   2.0	   2.0	   1.0	    2.0	    1.0	   2.0	   1.0	       1.0	        2.0	      1.0	       2.0	    1.0	     2.0
uci/hepatitis.txt              	   1.0	   2.0	   1.0	   2.0	   2.0	   1.0	   1.0	   2.0	    1.0	    2.0	   2.0	   1.0	   1.0	   2.0	   2.0	   1.0	    1.0	    2.0	   1.0	   2.0	   1.0	   2.0	    2.0	    1.0	   1.0	   2.0	       1.0	        2.0	      1.0	       2.0	    1.0	     2.0
uci/house-votes.txt            	   1.0	   2.0	   2.0	   1.0	   1.0	   2.0	   2.0	   1.0	    1.0	    2.0	   1.0	   2.0	   2.0	   1.0	   1.0	   2.0	    2.0	    1.0	   2.0	   1.0	   1.0	   2.0	    2.0	    1.0	   1.0	   2.0	       1.0	        2.0	      1.0	       2.0	    1.0	     2.0
uci/hungarian-heart-disease.txt	   2.0	   1.0	   2.0	   1.0	   2.0	   1.0	   2.0	   1.0	    2.0	    1.0	   2.0	   1.0	   2.0	   1.0	   1.0	   2.0	    2.0	    1.0	   2.0	   1.0	   2.0	   1.0	    1.0	    2.0	   1.0	   2.0	       1.0	        2.0	      1.0	       2.0	    1.0	     2.0
uci/ionosphere.txt             	   1.5	   1.5	   2.0	   1.0	   2.0	   1.0	   2.0	   1.0	    1.0	    2.0	   2.0	   1.0	   2.0	   1.0	   2.0	   1.0	    2.0	    1.0	   2.0	   1.0	   2.0	   1.0	    1.0	    2.0	   2.0	   1.0	       1.0	        2.0	      1.0	       2.0	    1.0	     2.0
uci/iris.txt                   	   1.0	   2.0	   1.0	   2.0	   1.0	   2.0	   2.0	   1.0	    1.0	    2.0	   2.0	   1.0	   2.0	   1.0	   1.0	   2.0	    2.0	    1.0	   2.0	   1.0	   1.5	   1.5	    1.5	    1.5	   1.5	   1.5	       1.0	        2.0	      1.5	       1.5	    1.0	     2.0
uci/kr-vs-kp.txt               	   1.0	   2.0	   1.0	   2.0	   2.0	   1.0	   1.0	   2.0	    1.0	    2.0	   2.0	   1.0	   1.0	   2.0	   2.0	   1.0	    1.0	    2.0	   1.0	   2.0	   2.0	   1.0	    1.0	    2.0	   2.0	   1.0	       1.0	        2.0	      1.0	       2.0	    1.0	     2.0
uci/krkopt.txt                 	   2.0	   1.0	   2.0	   1.0	   2.0	   1.0	   2.0	   1.0	    1.0	    2.0	   2.0	   1.0	   2.0	   1.0	   2.0	   1.0	    2.0	    1.0	   1.0	   2.0	   1.0	   2.0	    2.0	    1.0	   2.0	   1.0	       1.0	        2.0	      1.0	       2.0	    1.0	     2.0
uci/labor.txt                  	   1.0	   2.0	   1.0	   2.0	   1.0	   2.0	   1.0	   2.0	    1.0	    2.0	   2.0	   1.0	   1.0	   2.0	   1.0	   2.0	    1.0	    2.0	   1.0	   2.0	   1.0	   2.0	    2.0	    1.0	   2.0	   1.0	       1.0	        2.0	      1.0	       2.0	    1.0	     2.0
uci/lung-cancer.txt            	   2.0	   1.0	   2.0	   1.0	   2.0	   1.0	   2.0	   1.0	    2.0	    1.0	   2.0	   1.0	   2.0	   1.0	   1.0	   2.0	    2.0	    1.0	   2.0	   1.0	   1.5	   1.5	    2.0	    1.0	   1.0	   2.0	       1.0	        2.0	      1.0	       2.0	    1.0	     2.0
uci/lymphography.txt           	   1.0	   2.0	   2.0	   1.0	   2.0	   1.0	   2.0	   1.0	    1.0	    2.0	   1.0	   2.0	   2.0	   1.0	   2.0	   1.0	    2.0	    1.0	   2.0	   1.0	   2.0	   1.0	    1.0	    2.0	   2.0	   1.0	       1.0	        2.0	      1.0	       2.0	    1.0	     2.0
uci/mushroom.txt               	   1.5	   1.5	   1.0	   2.0	   2.0	   1.0	   1.0	   2.0	    1.5	    1.5	   1.5	   1.5	   1.0	   2.0	   2.0	   1.0	    1.0	    2.0	   1.0	   2.0	   1.0	   2.0	    2.0	    1.0	   1.0	   2.0	       1.0	        2.0	      1.0	       2.0	    1.0	     2.0
uci/new-thyroid.txt            	   1.5	   1.5	   1.0	   2.0	   1.0	   2.0	   1.0	   2.0	    2.0	    1.0	   1.0	   2.0	   1.0	   2.0	   2.0	   1.0	    1.0	    2.0	   1.0	   2.0	   1.5	   1.5	    2.0	    1.0	   1.5	   1.5	       1.0	        2.0	      1.5	       1.5	    1.0	     2.0
uci/pima-indians-diabetes.txt  	   1.0	   2.0	   2.0	   1.0	   2.0	   1.0	   2.0	   1.0	    1.0	    2.0	   2.0	   1.0	   2.0	   1.0	   2.0	   1.0	    2.0	    1.0	   2.0	   1.0	   1.0	   2.0	    2.0	    1.0	   2.0	   1.0	       1.0	        2.0	      1.0	       2.0	    1.0	     2.0
uci/post-operative-patients.txt	   2.0	   1.0	   2.0	   1.0	   2.0	   1.0	   1.0	   2.0	    2.0	    1.0	   2.0	   1.0	   1.0	   2.0	   2.0	   1.0	    1.0	    2.0	   1.0	   2.0	   2.0	   1.0	    2.0	    1.0	   1.0	   2.0	       1.0	        2.0	      1.0	       2.0	    1.0	     2.0
uci/primary-tumor.txt          	   1.0	   2.0	   2.0	   1.0	   1.0	   2.0	   1.0	   2.0	    1.0	    2.0	   1.0	   2.0	   1.0	   2.0	   2.0	   1.0	    1.0	    2.0	   2.0	   1.0	   1.0	   2.0	    2.0	    1.0	   2.0	   1.0	       1.0	        2.0	      1.0	       2.0	    1.0	     2.0
uci/promoters.txt              	   2.0	   1.0	   2.0	   1.0	   2.0	   1.0	   2.0	   1.0	    1.0	    2.0	   2.0	   1.0	   2.0	   1.0	   2.0	   1.0	    2.0	    1.0	   1.0	   2.0	   2.0	   1.0	    2.0	    1.0	   2.0	   1.0	       1.0	        2.0	      1.0	       2.0	    1.0	     2.0
uci/sick-euthyroid.txt         	   2.0	   1.0	   2.0	   1.0	   2.0	   1.0	   2.0	   1.0	    1.0	    2.0	   2.0	   1.0	   2.0	   1.0	   2.0	   1.0	    2.0	    1.0	   2.0	   1.0	   1.0	   2.0	    2.0	    1.0	   2.0	   1.0	       1.0	        2.0	      1.0	       2.0	    1.0	     2.0
uci/soybean-large.txt          	   2.0	   1.0	   1.0	   2.0	   2.0	   1.0	   1.0	   2.0	    2.0	    1.0	   1.0	   2.0	   1.0	   2.0	   2.0	   1.0	    2.0	    1.0	   1.0	   2.0	   2.0	   1.0	    2.0	    1.0	   2.0	   1.0	       1.0	        2.0	      1.0	       2.0	    1.0	     2.0
uci/soybean.txt                	   2.0	   1.0	   2.0	   1.0	   2.0	   1.0	   1.0	   2.0	    1.0	    2.0	   2.0	   1.0	   1.0	   2.0	   2.0	   1.0	    2.0	    1.0	   1.0	   2.0	   1.0	   2.0	    2.0	    1.0	   2.0	   1.0	       1.0	        2.0	      1.0	       2.0	    1.0	     2.0
uci/spambase.txt               	   2.0	   1.0	   2.0	   1.0	   2.0	   1.0	   1.0	   2.0	    2.0	    1.0	   1.0	   2.0	   1.0	   2.0	   2.0	   1.0	    1.0	    2.0	   1.0	   2.0	   1.0	   2.0	    2.0	    1.0	   1.0	   2.0	       1.0	        2.0	      1.0	       2.0	    1.0	     2.0
uci/spectf.txt                 	   1.0	   2.0	   2.0	   1.0	   2.0	   1.0	   2.0	   1.0	    1.0	    2.0	   1.0	   2.0	   2.0	   1.0	   2.0	   1.0	    2.0	    1.0	   1.0	   2.0	   1.0	   2.0	    2.0	    1.0	   2.0	   1.0	       1.0	        2.0	      1.5	       1.5	    1.0	     2.0
uci/splice.txt                 	   2.0	   1.0	   2.0	   1.0	   2.0	   1.0	   2.0	   1.0	    1.0	    2.0	   2.0	   1.0	   2.0	   1.0	   1.0	   2.0	    2.0	    1.0	   2.0	   1.0	   1.0	   2.0	    2.0	    1.0	   1.0	   2.0	       1.0	        2.0	      1.0	       2.0	    1.0	     2.0
uci/tae.txt                    	   2.0	   1.0	   2.0	   1.0	   2.0	   1.0	   2.0	   1.0	    2.0	    1.0	   2.0	   1.0	   2.0	   1.0	   2.0	   1.0	    2.0	    1.0	   2.0	   1.0	   1.0	   2.0	    2.0	    1.0	   2.0	   1.0	       1.0	        2.0	      1.0	       2.0	    1.0	     2.0
uci/tic-tac-toe.txt            	   2.0	   1.0	   2.0	   1.0	   2.0	   1.0	   1.0	   2.0	    1.0	    2.0	   2.0	   1.0	   1.0	   2.0	   2.0	   1.0	    1.0	    2.0	   1.0	   2.0	   1.0	   2.0	    2.0	    1.0	   1.0	   2.0	       1.0	        2.0	      1.0	       2.0	    1.0	     2.0
uci/wine.txt                   	   1.5	   1.5	   1.0	   2.0	   2.0	   1.0	   1.0	   2.0	    1.0	    2.0	   2.0	   1.0	   1.0	   2.0	   2.0	   1.0	    1.0	    2.0	   1.0	   2.0	   1.0	   2.0	    2.0	    1.0	   1.0	   2.0	       1.0	        2.0	      1.5	       1.5	    1.0	     2.0
uci/yeast.txt                  	   1.0	   2.0	   2.0	   1.0	   2.0	   1.0	   1.0	   2.0	    1.0	    2.0	   2.0	   1.0	   1.0	   2.0	   2.0	   1.0	    1.0	    2.0	   1.0	   2.0	   1.0	   2.0	    2.0	    1.0	   2.0	   1.0	       1.0	        2.0	      1.0	       2.0	    1.0	     2.0

Mean                           	1.4231	1.5769	1.7436	1.2564	1.7692	1.2308	1.4103	1.5897	 1.2179	 1.7821	1.5513	1.4487	1.3846	1.6154	1.7949	1.2051	 1.4872	 1.5128	1.3077	1.6923	1.3462	1.6538	 1.8077	 1.1923	 1.641	 1.359	       1.0	        2.0	   1.0513	    1.9487	    1.0	     2.0

Methods

M1: 	learningType = RandomForest.Undefined()
	modeltype = forest
	notrees = 100
	minleaf = 1
	maxdepth = 0
	randsub = default
	randval = true
	splitsample = 0
	bagging = true
	bagsize = 1.0
	modpred = false
	laplace = false
	confidence = 0.95
	conformal = default

M2: 	learningType = RandomForest.Undefined()
	modeltype = forest
	notrees = 500
	minleaf = 1
	maxdepth = 0
	randsub = default
	randval = true
	splitsample = 0
	bagging = true
	bagsize = 1.0
	modpred = false
	laplace = false
	confidence = 0.95
	conformal = default

Total time: 832.04 s.
